# Matter power spectrum P(k) at redshift z=0
# for k=1.03125e-05 to 1.72133 h/Mpc,
# number of wavenumbers equal to 569
#    1:k (h/Mpc)              2:P (Mpc/h)^3        
       1.031245165116e-05       5.190067802789e+01 
       2.302613761040e-05       1.125819758320e+02 
       3.578337781896e-05       1.721981278814e+02 
       4.861760904759e-05       2.313856266504e+02 
       6.156280692401e-05       2.905054051509e+02 
       7.465378109640e-05       3.498268559597e+02 
       8.792647960137e-05       4.095795682405e+02 
       1.014183063883e-04       4.699745643405e+02 
       1.151684559823e-04       5.312149616078e+02 
       1.292182693014e-04       5.935025037487e+02 
       1.436116146530e-04       6.570420169028e+02 
       1.583952978897e-04       7.220448607710e+02 
       1.736195055603e-04       7.887318606442e+02 
       1.893382845841e-04       8.573359483381e+02 
       2.056100614225e-04       9.281046897541e+02 
       2.224982028164e-04       1.001302773800e+03 
       2.400716187487e-04       1.077214493290e+03 
       2.584054061987e-04       1.156146255771e+03 
       2.775815292455e-04       1.238429094590e+03 
       2.976895268676e-04       1.324421148447e+03 
       3.188272340505e-04       1.414510054289e+03 
       3.411014941958e-04       1.509115116204e+03 
       3.646288309855e-04       1.608689151529e+03 
       3.895360355190e-04       1.713719758684e+03 
       4.159606096686e-04       1.824729793992e+03 
       4.440509895007e-04       1.942276717932e+03 
       4.739664542593e-04       2.066950361599e+03 
       5.058766087226e-04       2.199368823125e+03 
       5.399603129033e-04       2.340171777236e+03 
       5.764039277862e-04       2.490010947374e+03 
       6.153987552145e-04       2.649537221764e+03 
       6.571375811820e-04       2.819384236706e+03 
       7.018102910733e-04       3.000148427738e+03 
       7.495986162551e-04       3.192366176333e+03 
       8.006701911248e-04       3.396488776575e+03 
       8.551722362965e-04       3.612857020773e+03 
       9.132253145186e-04       3.841677181614e+03 
       9.749177002786e-04       4.083000839591e+03 
       1.040300929583e-03       4.336710879939e+03 
       1.109387030186e-03       4.602515479207e+03 
       1.182147771976e-03       4.879951386673e+03 
       1.258516045590e-03       5.168396427250e+03 
       1.338389220166e-03       5.467090301443e+03 
       1.421634102732e-03       5.775161529700e+03 
       1.508092967965e-03       6.091657649620e+03 
       1.597590071269e-03       6.415576453017e+03 
       1.689938096724e-03       6.745894627059e+03 
       1.784944099508e-03       7.081594206016e+03 
       1.882414645238e-03       7.421683609089e+03 
       1.982159993306e-03       7.765214481552e+03 
       2.083997294436e-03       8.111293577948e+03 
       2.187752862691e-03       8.459091185465e+03 
       2.293263637374e-03       8.807844579617e+03 
       2.400377975704e-03       9.156859763915e+03 
       2.508955920434e-03       9.505510269225e+03 
       2.618869075783e-03       9.853233556428e+03 
       2.730000206697e-03       1.019952958751e+04 
       2.842242655540e-03       1.054395388782e+04 
       2.955499649845e-03       1.088611555325e+04 
       3.069683556493e-03       1.122567000719e+04 
       3.184715122364e-03       1.156231692820e+04 
       3.300522729174e-03       1.189579376097e+04 
       3.417041680736e-03       1.222587298165e+04 
       3.534213533699e-03       1.255235726701e+04 
       3.651985477685e-03       1.287507677332e+04 
       3.770309767055e-03       1.319388834800e+04 
       3.889143204065e-03       1.350866823958e+04 
       4.008446671535e-03       1.381931064713e+04 
       4.128184712208e-03       1.412573316332e+04 
       4.248325151375e-03       1.442786001504e+04 
       4.368838759175e-03       1.472563446697e+04 
       4.489698948915e-03       1.501901919882e+04 
       4.610881507886e-03       1.530796912120e+04 
       4.732364357350e-03       1.559246216331e+04 
       4.854127338602e-03       1.587248569443e+04 
       4.976152022284e-03       1.614802632562e+04 
       5.098421538371e-03       1.641906823841e+04 
       5.220920424541e-03       1.668564655977e+04 
       5.343634490842e-03       1.694777677551e+04 
       5.466550698822e-03       1.720539293549e+04 
       5.589657053484e-03       1.745861984629e+04 
       5.712942506607e-03       1.770740574786e+04 
       5.836396870162e-03       1.795177059084e+04 
       5.960010738671e-03       1.819176422827e+04 
       6.083775419523e-03       1.842743061673e+04 
       6.207682870341e-03       1.865877533837e+04 
       6.331725642638e-03       1.888579971109e+04 
       6.455896831065e-03       1.910857933975e+04 
       6.580190027630e-03       1.932710327304e+04 
       6.704599280372e-03       1.954152714099e+04 
       6.829119055994e-03       1.975171790465e+04 
       6.953744206041e-03       1.995785163286e+04 
       7.078469936258e-03       2.015991881920e+04 
       7.203291778780e-03       2.035787097618e+04 
       7.328205566881e-03       2.055190391640e+04 
       7.453207412008e-03       2.074189787300e+04 
       7.578293682868e-03       2.092807836367e+04 
       7.703460986380e-03       2.111030062525e+04 
       7.828706150284e-03       2.128868749667e+04 
       7.954026207260e-03       2.146323917323e+04 
       8.079418380414e-03       2.163408441602e+04 
       8.204880069980e-03       2.180119166045e+04 
       8.330408841152e-03       2.196461492581e+04 
       8.456002412911e-03       2.212438956546e+04 
       8.581658647775e-03       2.228048172014e+04 
       8.707375542386e-03       2.243308096193e+04 
       8.833151218837e-03       2.258212068224e+04 
       8.958983916708e-03       2.272776482400e+04 
       9.084871985717e-03       2.286990767644e+04 
       9.210813878943e-03       2.300868766999e+04 
       9.336808146580e-03       2.314406117330e+04 
       9.462853430168e-03       2.327607150485e+04 
       9.588948457250e-03       2.340482129329e+04 
       9.715092036447e-03       2.353029287246e+04 
       9.841283052891e-03       2.365252524390e+04 
       9.967520463995e-03       2.377149734513e+04 
       1.009380329554e-02       2.388749157423e+04 
       1.022013063802e-02       2.400027878628e+04 
       1.034650164334e-02       2.411001122225e+04 
       1.047291552158e-02       2.421663561297e+04 
       1.059937153821e-02       2.432023460308e+04 
       1.072586901129e-02       2.442091483970e+04 
       1.085240730904e-02       2.451877160369e+04 
       1.097898584746e-02       2.461352358781e+04 
       1.110560408819e-02       2.470557374855e+04 
       1.123226153649e-02       2.479462423078e+04 
       1.135895773936e-02       2.488098471471e+04 
       1.148569228378e-02       2.496455707506e+04 
       1.161246479512e-02       2.504541612396e+04 
       1.173927493562e-02       2.512358452334e+04 
       1.186612240296e-02       2.519898618581e+04 
       1.199300692898e-02       2.527177988178e+04 
       1.211992827846e-02       2.534193367590e+04 
       1.224688624797e-02       2.540960493368e+04 
       1.237388066485e-02       2.547470394584e+04 
       1.250091138621e-02       2.553712877841e+04 
       1.262797829804e-02       2.559719383450e+04 
       1.275508131435e-02       2.565489582959e+04 
       1.288222037643e-02       2.571001321771e+04 
       1.300939545207e-02       2.576272224369e+04 
       1.313660653495e-02       2.581311750535e+04 
       1.326385364401e-02       2.586120987912e+04 
       1.339113682287e-02       2.590702499003e+04 
       1.351845613932e-02       2.595048453658e+04 
       1.364581168484e-02       2.599159464902e+04 
       1.377320357416e-02       2.603069873799e+04 
       1.390063194490e-02       2.606748728449e+04 
       1.402809695713e-02       2.610200070682e+04 
       1.415559879314e-02       2.613449539897e+04 
       1.428313765707e-02       2.616486133741e+04 
       1.441071377471e-02       2.619312192837e+04 
       1.453832739323e-02       2.621930036799e+04 
       1.466597878099e-02       2.624351751714e+04 
       1.479366822736e-02       2.626563993539e+04 
       1.492139604262e-02       2.628582454313e+04 
       1.504916255776e-02       2.630405457247e+04 
       1.517696812444e-02       2.632030517787e+04 
       1.530481311493e-02       2.633464750915e+04 
       1.543269792200e-02       2.634719115520e+04 
       1.556062295894e-02       2.635779895081e+04 
       1.568858865955e-02       2.636649903896e+04 
       1.581659547813e-02       2.637356984833e+04 
       1.594464388955e-02       2.637873067624e+04 
       1.607273438926e-02       2.638208521058e+04 
       1.620086749342e-02       2.638385196228e+04 
       1.632904373893e-02       2.638382064202e+04 
       1.645726368359e-02       2.638213421082e+04 
       1.658552790623e-02       2.637876861494e+04 
       1.671383700680e-02       2.637372419601e+04 
       1.684219160660e-02       2.636707669027e+04 
       1.697059234843e-02       2.635887824223e+04 
       1.709903989679e-02       2.634904054312e+04 
       1.722753493810e-02       2.633770637588e+04 
       1.735607818093e-02       2.632483817712e+04 
       1.748467035625e-02       2.631032940531e+04 
       1.761331221771e-02       2.629452774215e+04 
       1.774200454188e-02       2.627719652958e+04 
       1.787074812861e-02       2.625846535663e+04 
       1.799954380127e-02       2.623819294295e+04 
       1.812839240716e-02       2.621659568630e+04 
       1.825729481781e-02       2.619360647819e+04 
       1.838625192935e-02       2.616929462730e+04 
       1.851526466290e-02       2.614357631299e+04 
       1.864433396498e-02       2.611662168029e+04 
       1.877346080789e-02       2.608838991397e+04 
       1.890264619019e-02       2.605885826345e+04 
       1.903189113711e-02       2.602803871946e+04 
       1.916119670106e-02       2.599601608903e+04 
       1.929056396207e-02       2.596277615424e+04 
       1.941999402832e-02       2.592834783762e+04 
       1.954948803667e-02       2.589276599161e+04 
       1.967904715320e-02       2.585598739243e+04 
       1.980867257375e-02       2.581807936605e+04 
       1.993836552452e-02       2.577909611760e+04 
       2.006812726269e-02       2.573897057001e+04 
       2.019795907699e-02       2.569774645672e+04 
       2.032786228840e-02       2.565553762030e+04 
       2.045783825076e-02       2.561223624514e+04 
       2.058788835152e-02       2.556795240760e+04 
       2.071801401238e-02       2.552265766766e+04 
       2.084821669007e-02       2.547632321067e+04 
       2.097849787709e-02       2.542909322143e+04 
       2.110885910249e-02       2.538085473528e+04 
       2.123930193267e-02       2.533175138992e+04 
       2.136982797220e-02       2.528169208808e+04 
       2.150043886472e-02       2.523073684470e+04 
       2.163113629376e-02       2.517891853886e+04 
       2.176192198371e-02       2.512622709865e+04 
       2.189279770072e-02       2.507264751502e+04 
       2.202376525368e-02       2.501831488049e+04 
       2.215482649523e-02       2.496310757198e+04 
       2.228598332277e-02       2.490720354664e+04 
       2.241723767955e-02       2.485039407783e+04 
       2.254859155573e-02       2.479287040331e+04 
       2.268004698955e-02       2.473463079274e+04 
       2.281160606848e-02       2.467564842117e+04 
       2.294327093039e-02       2.461590022137e+04 
       2.307504376487e-02       2.455551984782e+04 
       2.320692681441e-02       2.449441429075e+04 
       2.333892237581e-02       2.443259176613e+04 
       2.347103280148e-02       2.437019309945e+04 
       2.360326050088e-02       2.430711448512e+04 
       2.373560794196e-02       2.424343791707e+04 
       2.386807765265e-02       2.417917508296e+04 
       2.400067222242e-02       2.411426710322e+04 
       2.413339430386e-02       2.404879915013e+04 
       2.426624661434e-02       2.398273018388e+04 
       2.439923193770e-02       2.391609792965e+04 
       2.453235312600e-02       2.384900152152e+04 
       2.466561310138e-02       2.378130749508e+04 
       2.479901485785e-02       2.371313475433e+04 
       2.493256146330e-02       2.364447188453e+04 
       2.506625606148e-02       2.357526044810e+04 
       2.520010187404e-02       2.350563951747e+04 
       2.533410220270e-02       2.343556215779e+04 
       2.546826043146e-02       2.336499462835e+04 
       2.560258002884e-02       2.329400937828e+04 
       2.573706455031e-02       2.322262306919e+04 
       2.587171764069e-02       2.315080225715e+04 
       2.600654303667e-02       2.307858313021e+04 
       2.614154456948e-02       2.300600953057e+04 
       2.627672616756e-02       2.293303635167e+04 
       2.641209185935e-02       2.285965596109e+04 
       2.654764577626e-02       2.278596417329e+04 
       2.668339215560e-02       2.271193460541e+04 
       2.681933534377e-02       2.263763861846e+04 
       2.695547979944e-02       2.256289620815e+04 
       2.709183009692e-02       2.248795791351e+04 
       2.722839092965e-02       2.241263394681e+04 
       2.736516711375e-02       2.233707455429e+04 
       2.750216359182e-02       2.226121611401e+04 
       2.763938543678e-02       2.218513475550e+04 
       2.777683785588e-02       2.210876222526e+04 
       2.791452619493e-02       2.203216992172e+04 
       2.805245594257e-02       2.195529301004e+04 
       2.819063273483e-02       2.187824340464e+04 
       2.832906235978e-02       2.180097784204e+04 
       2.846775076243e-02       2.172343995088e+04 
       2.860670404973e-02       2.164576147451e+04 
       2.874592849589e-02       2.156788781704e+04 
       2.888543054782e-02       2.148979988340e+04 
       2.902521683083e-02       2.141156834748e+04 
       2.916529415458e-02       2.133317142751e+04 
       2.930566951920e-02       2.125464183080e+04 
       2.944635012178e-02       2.117592349861e+04 
       2.958734336303e-02       2.109709851530e+04 
       2.972865685427e-02       2.101811566982e+04 
       2.987029842470e-02       2.093901263953e+04 
       3.001227612905e-02       2.085982940324e+04 
       3.015459825540e-02       2.078047350255e+04 
       3.029727333356e-02       2.070105963804e+04 
       3.044031014361e-02       2.062158333615e+04 
       3.058371772500e-02       2.054196464785e+04 
       3.072750538591e-02       2.046225783898e+04 
       3.087168271315e-02       2.038250334629e+04 
       3.101625958243e-02       2.030269911543e+04 
       3.116124616917e-02       2.022282331779e+04 
       3.130665295975e-02       2.014285308105e+04 
       3.145249076337e-02       2.006288558145e+04 
       3.159877072435e-02       1.998286574202e+04 
       3.174550433520e-02       1.990280986292e+04 
       3.189270345013e-02       1.982268374592e+04 
       3.204038029936e-02       1.974249569680e+04 
       3.218854750405e-02       1.966238931687e+04 
       3.233721809206e-02       1.958225398738e+04 
       3.248640551443e-02       1.950201879016e+04 
       3.263612366269e-02       1.942185497854e+04 
       3.278638688718e-02       1.934165704014e+04 
       3.293721001613e-02       1.926147793424e+04 
       3.308860837595e-02       1.918121223233e+04 
       3.324059781240e-02       1.910110756879e+04 
       3.339319471307e-02       1.902092361948e+04 
       3.354641603091e-02       1.894078050552e+04 
       3.370027930922e-02       1.886059245734e+04 
       3.385480270785e-02       1.878051310913e+04 
       3.401000503101e-02       1.870044104499e+04 
       3.416590575659e-02       1.862041579521e+04 
       3.432252506711e-02       1.854031165901e+04 
       3.447988388257e-02       1.846038150271e+04 
       3.463800389513e-02       1.838042007645e+04 
       3.479690760588e-02       1.830050820846e+04 
       3.495661836381e-02       1.822062110480e+04 
       3.511716040715e-02       1.814077972703e+04 
       3.527855890720e-02       1.806100232728e+04 
       3.544084001496e-02       1.798125676698e+04 
       3.560403091060e-02       1.790155252115e+04 
       3.576815985613e-02       1.782193970591e+04 
       3.593325625145e-02       1.774228717280e+04 
       3.609935069406e-02       1.766279169691e+04 
       3.626647504270e-02       1.758323005128e+04 
       3.643466248523e-02       1.750378030540e+04 
       3.660394761117e-02       1.742433432993e+04 
       3.677436648915e-02       1.734498072461e+04 
       3.694595674979e-02       1.726569649699e+04 
       3.711875767440e-02       1.718644175027e+04 
       3.729281029008e-02       1.710722423484e+04 
       3.746815747162e-02       1.702801347073e+04 
       3.764484405096e-02       1.694894428258e+04 
       3.782291693478e-02       1.686980347268e+04 
       3.800242523104e-02       1.679080569075e+04 
       3.818342038512e-02       1.671177559656e+04 
       3.836595632667e-02       1.663276113118e+04 
       3.855008962805e-02       1.655380645534e+04 
       3.873587967542e-02       1.647488827354e+04 
       3.892338885386e-02       1.639603251912e+04 
       3.911268274779e-02       1.631715681565e+04 
       3.930383035821e-02       1.623827676817e+04 
       3.949690433858e-02       1.615943739036e+04 
       3.969198125111e-02       1.608059820323e+04 
       3.988914184580e-02       1.600173678541e+04 
       4.008847136440e-02       1.592291708130e+04 
       4.029005987230e-02       1.584403238775e+04 
       4.049400262111e-02       1.576517330902e+04 
       4.070040044572e-02       1.568626695120e+04 
       4.090936019942e-02       1.560732762635e+04 
       4.112099523188e-02       1.552837062674e+04 
       4.133542591471e-02       1.544933832828e+04 
       4.155278022065e-02       1.537030286119e+04 
       4.177319436279e-02       1.529108613799e+04 
       4.199681350143e-02       1.521184261300e+04 
       4.222379252717e-02       1.513254654874e+04 
       4.245429693027e-02       1.505311514178e+04 
       4.268850376762e-02       1.497356858105e+04 
       4.292660274063e-02       1.489384728907e+04 
       4.316879739945e-02       1.481403522217e+04 
       4.341530649129e-02       1.473402269472e+04 
       4.366636547371e-02       1.465387921512e+04 
       4.392222821735e-02       1.457343917532e+04 
       4.418316892646e-02       1.449287949345e+04 
       4.444948431111e-02       1.441200199691e+04 
       4.472149605075e-02       1.433090896414e+04 
       4.499955359609e-02       1.424952593754e+04 
       4.528403736561e-02       1.416786330504e+04 
       4.557536240329e-02       1.408574174819e+04 
       4.587398257794e-02       1.400333678301e+04 
       4.618039542040e-02       1.392045474119e+04 
       4.649514771519e-02       1.383711687603e+04 
       4.681884198780e-02       1.375333675670e+04 
       4.715214405971e-02       1.366905344888e+04 
       4.749579188157e-02       1.358394292844e+04 
       4.785060590309e-02       1.349837525654e+04 
       4.821750129870e-02       1.341209087820e+04 
       4.859750244415e-02       1.332490914530e+04 
       4.899176013622e-02       1.323695035295e+04 
       4.940157217016e-02       1.314801645390e+04 
       4.982840804597e-02       1.305801969075e+04 
       5.027393877388e-02       1.296694047098e+04 
       5.074007300337e-02       1.287439600938e+04 
       5.122900102271e-02       1.278043062275e+04 
       5.174324858361e-02       1.268487787562e+04 
       5.228574301427e-02       1.258739668697e+04 
       5.285989470537e-02       1.248776333831e+04 
       5.346969778424e-02       1.238569910095e+04 
       5.411985459144e-02       1.228077133124e+04 
       5.481592931635e-02       1.217250491113e+04 
       5.556453653684e-02       1.206030590450e+04 
       5.637356979571e-02       1.194335071901e+04 
       5.725247242434e-02       1.182072996662e+04 
       5.821254506310e-02       1.169081652287e+04 
       5.926726713672e-02       1.155205028972e+04 
       6.043257527441e-02       1.140207222591e+04 
       6.172697951723e-02       1.123757961032e+04 
       6.317129840729e-02       1.105443984078e+04 
       6.478766495814e-02       1.084716288086e+04 
       6.659736505280e-02       1.060887228294e+04 
       6.861720589528e-02       1.033206137047e+04 
       7.085476404794e-02       1.000936232418e+04 
       7.330408778822e-02       9.636158349292e+03 
       7.594440059452e-02       9.212777597473e+03 
       7.874349203528e-02       8.746657497177e+03 
       8.166459079487e-02       8.252063836728e+03 
       8.467324302866e-02       7.747650631005e+03 
       8.774142272700e-02       7.253363819331e+03 
       9.084851427216e-02       6.787217534605e+03 
       9.398036581806e-02       6.363143929852e+03 
       9.712769747402e-02       5.989993731267e+03 
       1.002846006702e-01       5.671436158429e+03 
       1.034473824493e-01       5.406506907489e+03 
       1.066137609724e-01       5.190461633648e+03 
       1.097823361435e-01       5.015671767325e+03 
       1.129522524734e-01       4.872739809428e+03 
       1.161229884927e-01       4.751349506700e+03 
       1.192942267280e-01       4.641268865507e+03 
       1.224657739799e-01       4.533188696277e+03 
       1.256375126458e-01       4.419525893726e+03 
       1.288093710749e-01       4.295036177825e+03 
       1.319813055394e-01       4.157105807282e+03 
       1.351532892807e-01       4.005747727266e+03 
       1.383253058564e-01       3.843279333421e+03 
       1.414973451012e-01       3.673735902522e+03 
       1.446694006738e-01       3.502152077903e+03 
       1.478414685669e-01       3.333798255959e+03 
       1.510135462020e-01       3.173578963428e+03 
       1.541856318795e-01       3.025515962542e+03 
       1.573577244427e-01       2.892428067405e+03 
       1.605298230748e-01       2.775811688052e+03 
       1.637019271729e-01       2.675851542578e+03 
       1.668740362724e-01       2.591545542568e+03 
       1.700461499996e-01       2.520943912690e+03 
       1.732182680425e-01       2.461385875680e+03 
       1.763903901323e-01       2.409823395342e+03 
       1.795625160321e-01       2.363085270726e+03 
       1.827346455293e-01       2.318728654147e+03 
       1.859067784306e-01       2.273663974575e+03 
       1.890789145586e-01       2.225698539610e+03 
       1.922510537496e-01       2.173486535731e+03 
       1.954231958513e-01       2.116540191505e+03 
       1.985953407223e-01       2.055196138238e+03 
       2.017674882303e-01       1.990477188384e+03 
       2.049396382514e-01       1.923879747797e+03 
       2.081117906697e-01       1.857089475978e+03 
       2.112839453762e-01       1.791738389278e+03 
       2.144561022686e-01       1.729270624959e+03 
       2.176282612505e-01       1.670806316095e+03 
       2.208004222313e-01       1.617124553303e+03 
       2.239725851253e-01       1.568653487486e+03 
       2.271447498519e-01       1.525485589016e+03 
       2.303169163348e-01       1.487382330461e+03 
       2.334890845019e-01       1.453808026961e+03 
       2.366612542851e-01       1.423974540528e+03 
       2.398334256198e-01       1.396926875057e+03 
       2.430055984449e-01       1.371649310989e+03 
       2.461777727023e-01       1.347172033662e+03 
       2.493499483371e-01       1.322672586549e+03 
       2.525221252970e-01       1.297530381551e+03 
       2.556943035324e-01       1.271360503577e+03 
       2.588664829961e-01       1.244000664222e+03 
       2.620386636433e-01       1.215494148504e+03 
       2.652108454313e-01       1.186054143047e+03 
       2.683830283193e-01       1.156038714248e+03 
       2.715552122686e-01       1.125904161794e+03 
       2.747273972421e-01       1.096170035781e+03 
       2.778995832047e-01       1.067337910567e+03 
       2.810717701227e-01       1.039852250518e+03 
       2.842439579638e-01       1.014038699327e+03 
       2.874161466974e-01       9.900808353034e+02 
       2.905883362941e-01       9.680117650865e+02 
       2.937605267257e-01       9.477289299692e+02 
       2.969327179654e-01       9.290513724156e+02 
       3.001049099874e-01       9.117311953835e+02 
       3.032771027670e-01       8.954882306254e+02 
       3.064492962806e-01       8.800332104376e+02 
       3.096214905055e-01       8.650742745561e+02 
       3.127936854199e-01       8.503527560334e+02 
       3.159658810030e-01       8.356410026516e+02 
       3.191380772348e-01       8.207743318602e+02 
       3.223102740959e-01       8.056651027578e+02 
       3.254824715680e-01       7.903095026436e+02 
       3.286546696331e-01       7.747640043362e+02 
       3.318268682744e-01       7.591515016025e+02 
       3.349990674752e-01       7.436096598921e+02 
       3.381712672198e-01       7.282889893370e+02 
       3.413434674929e-01       7.133204542028e+02 
       3.445156682799e-01       6.988209933931e+02 
       3.476878695667e-01       6.848868183496e+02 
       3.508600713396e-01       6.715889093592e+02 
       3.540322735855e-01       6.589649715823e+02 
       3.572044762917e-01       6.470234653873e+02 
       3.603766794461e-01       6.357249217874e+02 
       3.635488830369e-01       6.250050283304e+02 
       3.667210870526e-01       6.147637036944e+02 
       3.698932914823e-01       6.048948303450e+02 
       3.730654963155e-01       5.952948995334e+02 
       3.762377015418e-01       5.858801990840e+02 
       3.794099071513e-01       5.765830429280e+02 
       3.825821131345e-01       5.673629013368e+02 
       3.857543194822e-01       5.581914853437e+02 
       3.889265261853e-01       5.490562675398e+02 
       3.920987332352e-01       5.399583276644e+02 
       3.952709406235e-01       5.309096663101e+02 
       3.984431483422e-01       5.219390597384e+02 
       4.016153563833e-01       5.130861590720e+02 
       4.047875647392e-01       5.043933672591e+02 
       4.079597734026e-01       4.959068313405e+02 
       4.111319823663e-01       4.876574820115e+02 
       4.143041916235e-01       4.796645540711e+02 
       4.174764011673e-01       4.719327965260e+02 
       4.206486109912e-01       4.644605130580e+02 
       4.238208210891e-01       4.572371906805e+02 
       4.269930314547e-01       4.502500398030e+02 
       4.301652420820e-01       4.434856017417e+02 
       4.333374529654e-01       4.369263106190e+02 
       4.365096640992e-01       4.305492840487e+02 
       4.396818754780e-01       4.243259689698e+02 
       4.428540870964e-01       4.182274838637e+02 
       4.460262989495e-01       4.122263273075e+02 
       4.491985110321e-01       4.063026119041e+02 
       4.523707233394e-01       4.004451222364e+02 
       4.555429358668e-01       3.946526700149e+02 
       4.587151486096e-01       3.889273655042e+02 
       4.618873615633e-01       3.832755599102e+02 
       4.650595747237e-01       3.777001104401e+02 
       4.682317880866e-01       3.722116056121e+02 
       4.714040016478e-01       3.668120626015e+02 
       4.745762154033e-01       3.615142869094e+02 
       4.777484293493e-01       3.563274179292e+02 
       4.809206434820e-01       3.512654021411e+02 
       4.840928577977e-01       3.463327985787e+02 
       4.872650722928e-01       3.415348826764e+02 
       4.904372869638e-01       3.368657578572e+02 
       4.936095018073e-01       3.323160445325e+02 
       4.967817168201e-01       3.278745769906e+02 
       4.999539319988e-01       3.235297328639e+02 
       5.031261473403e-01       3.192706439101e+02 
       5.062983628416e-01       3.150927349500e+02 
       5.094705784996e-01       3.109886663024e+02 
       5.126427943115e-01       3.069513329587e+02 
       5.158150102743e-01       3.029758970223e+02 
       5.189872263854e-01       2.990534839835e+02 
       5.221594426420e-01       2.951831750063e+02 
       5.253316590415e-01       2.913614324127e+02 
       5.285038755812e-01       2.875955939658e+02 
       5.316760922587e-01       2.838864002717e+02 
       5.348483090715e-01       2.802425298024e+02 
       5.380205260172e-01       2.766643917109e+02 
       5.411927430935e-01       2.731566391337e+02 
       5.443649602980e-01       2.697130034671e+02 
       5.475371776286e-01       2.663353661664e+02 
       5.507093950830e-01       2.630203530382e+02 
       5.538816126591e-01       2.597693466208e+02 
       5.570538303549e-01       2.565823606595e+02 
       5.602260481683e-01       2.534593851315e+02 
       5.633982660973e-01       2.503981216814e+02 
       5.665704841399e-01       2.473938974853e+02 
       5.697427022943e-01       2.444414074665e+02 
       5.729149205585e-01       2.415372872980e+02 
       5.760871389309e-01       2.386765945181e+02 
       5.792593574095e-01       2.358592822517e+02 
       5.824315759927e-01       2.330856575133e+02 
       5.856037946787e-01       2.303555789042e+02 
       5.887760134659e-01       2.276674420131e+02 
       5.919482323526e-01       2.250212657611e+02 
       5.951204513373e-01       2.224127673476e+02 
       5.982926704184e-01       2.198414425826e+02 
       6.014648895944e-01       2.173068764627e+02 
       6.046371088637e-01       2.148107726431e+02 
       6.078093282249e-01       2.123559736052e+02 
       6.109815476765e-01       2.099429410656e+02 
       6.141537672172e-01       2.075719888173e+02 
       6.173259868456e-01       2.052419840329e+02 
       6.204982065604e-01       2.029507734678e+02 
       6.563727112783e-01       1.793921829383e+02 
       6.993887145310e-01       1.558599532431e+02 
       7.534034232938e-01       1.320224383453e+02 
       8.258644798808e-01       1.073621733865e+02 
       9.322751319673e-01       8.147126935525e+01 
       1.103052573768e+00       5.525412940938e+01 
       1.368333694654e+00       3.331446111608e+01 
       1.721326049778e+00       1.925459739928e+01 
